0	0.0118548	0	0.00795918	0	0.00214286	0	0.0027551	0.00116327	0.00290816	0.00205102	0	0	0	0	0	0	0	
0.0075	0	0.0075	0.0047449	0.0047449	0	0	0	0	0	0	0	0	0	0	0	0	0	
0	0.0118548	0	0	0.00795918	0	0.00214286	0	0	0	0	0	0	0.00205102	0.00682653	0	0	0	
0.0125806	0.0178846	0	0	0.0125806	0.0178846	0	0	0	0	0	0	0	0	0	0	0	0	
0	0.0178846	0.0125806	0.0125806	0	0	0.0178846	0	0	0	0	0	0	0	0	0	0	0	
0.0033871	0	0	0.0664286	0	0	0.0033871	0.0471429	0	0	0	0	0	0	0	0.0192857	0	0	
0	0	0.0033871	0	0.0664286	0.0033871	0	0	0	0	0	0	0	0	0.0385714	0	0	0.0278571	
0.00613636	0	0	0	0	0.0366667	0	0	0.0366667	0	0	0	0	0	0	0.00613636	0	0	
0.00259091	0	0	0	0	0	0	0.0868421	0	0.0868421	0	0	0	0	0	0.00259091	0	0	
0.00647727	0	0	0	0	0	0	0	0.0347368	0	0.0347368	0.00463636	0	0	0	0.00184091	0	0	
0.00456818	0	0	0	0	0	0	0	0	0.0492537	0	0.00456818	0	0	0	0	0	0	
0	0	0	0	0	0	0	0	0	0.0113333	0.0111667	0	0.0225	0	0	0.01	0	0	
0	0	0	0	0	0	0	0	0	0	0	0.0155769	0	0.00773077	0.00784615	0	0.0144444	0	
0	0	0.00558333	0	0	0	0	0	0	0	0	0	0.00558333	0	0.0402985	0	0	0	
0	0	0.0185833	0	0	0	0.0121076	0	0	0	0	0	0.00566667	0.0121076	0	0	0.00791667	0.005	
0	0	0	0	0	0.00870968	0	0.015	0.00633333	0.0045	0	0.00870968	0	0	0	0	0.0158333	0.01	
0	0	0	0	0	0	0	0	0	0	0	0	0.0205263	0	0.0109615	0.0109615	0	0.0205263	
0	0	0	0	0	0	0.0325	0	0	0	0	0	0	0	0.00692308	0.00692308	0.0325	0	
