0	6.32258e-05	0	4.2449e-05	0	1.14286e-05	0	1.46939e-05	6.20408e-06	1.55102e-05	1.09388e-05	0	0	0	0	0	0	0	
4e-05	0	4e-05	2.53061e-05	2.53061e-05	0	0	0	0	0	0	0	0	0	0	0	0	0	
0	6.32258e-05	0	0	4.2449e-05	0	1.14286e-05	0	0	0	0	0	0	1.09388e-05	3.64082e-05	0	0	0	
6.70968e-05	9.53846e-05	0	0	6.70968e-05	9.53846e-05	0	0	0	0	0	0	0	0	0	0	0	0	
0	9.53846e-05	6.70968e-05	6.70968e-05	0	0	9.53846e-05	0	0	0	0	0	0	0	0	0	0	0	
1.80645e-05	0	0	0.000354286	0	0	1.80645e-05	0.000251429	0	0	0	0	0	0	0	0.000102857	0	0	
0	0	1.80645e-05	0	0.000354286	1.80645e-05	0	0	0	0	0	0	0	0	0.000205714	0	0	0.000148571	
3.27273e-05	0	0	0	0	0.000195556	0	0	0.000195556	0	0	0	0	0	0	3.27273e-05	0	0	
1.38182e-05	0	0	0	0	0	0	0.000463158	0	0.000463158	0	0	0	0	0	1.38182e-05	0	0	
3.45455e-05	0	0	0	0	0	0	0	0.000185263	0	0.000185263	2.47273e-05	0	0	0	9.81818e-06	0	0	
2.43636e-05	0	0	0	0	0	0	0	0	0.000262687	0	2.43636e-05	0	0	0	0	0	0	
0	0	0	0	0	0	0	0	0	6.04444e-05	5.95556e-05	0	0.00012	0	0	5.33333e-05	0	0	
0	0	0	0	0	0	0	0	0	0	0	8.30769e-05	0	4.12308e-05	4.18462e-05	0	7.7037e-05	0	
0	0	2.97778e-05	0	0	0	0	0	0	0	0	0	2.97778e-05	0	0.000214925	0	0	0	
0	0	9.91111e-05	0	0	0	6.4574e-05	0	0	0	0	0	3.02222e-05	6.4574e-05	0	0	4.22222e-05	2.66667e-05	
0	0	0	0	0	4.64516e-05	0	8e-05	3.37778e-05	2.4e-05	0	4.64516e-05	0	0	0	0	8.44444e-05	5.33333e-05	
0	0	0	0	0	0	0	0	0	0	0	0	0.000109474	0	5.84615e-05	5.84615e-05	0	0.000109474	
0	0	0	0	0	0	0.000173333	0	0	0	0	0	0	0	3.69231e-05	3.69231e-05	0.000173333	0	
